transform /#Transform [1.35,0,0,0,0,-1.60932544E-07,1.35000014,0,0,-1.35000014,-1.60932544E-07,0,0,0,0,1]
collider /Mesh#MeshCollider [1.35,0,0,0,0,-1.60932544E-07,1.35000014,0,0,-1.35000014,-1.60932544E-07,0,0,0,0,1]
transform /Mesh#Transform [1.35,0,0,0,0,-1.60932544E-07,1.35000014,0,0,-1.35000014,-1.60932544E-07,0,0,0,0,1]
transform /Hardpoints#Transform [1.35,0,0,0,0,-1.60932544E-07,1.35000014,0,0,-1.35000014,-1.60932544E-07,0,0,0,0,1]
transform /Hardpoints/Primary#Transform [1.35,0,0,0,0,-1.60932544E-07,1.35000014,0,0,-1.35000014,-1.60932544E-07,0,0.54,-9.655953E-08,0.8100001,1]
transform /Hardpoints/Secondary#Transform [1.35,0,0,0,0,-1.60932544E-07,1.35000014,0,0,-1.35000014,-1.60932544E-07,0,-0.54,-9.655953E-08,0.8100001,1]
collider /ShipBody#SphereCollider [1.35,0,0,0,0,-1.60932544E-07,1.35000014,0,0,-1.35000014,-1.60932544E-07,0,0,0,0,1]
transform /ShipBody#Transform [1.35,0,0,0,0,-1.60932544E-07,1.35000014,0,0,-1.35000014,-1.60932544E-07,0,0,0,0,1]
audio /ShipBaseRig#AudioSource [1.35,0,0,0,0,-1.60932544E-07,1.35000014,0,0,-1.35000014,-1.60932544E-07,0,0,0,0,1]
transform /ShipBaseRig#Transform [1.35,0,0,0,0,-1.60932544E-07,1.35000014,0,0,-1.35000014,-1.60932544E-07,0,0,0,0,1]
transform /ShipBaseRig/Thruster#Transform [2.025,0,0,0,0,-2.41398766E-07,2.02499986,0,0,-1.35000014,-1.60932544E-07,0,0,0,0,1]
transform /ShipBaseRig/Thruster/EngineExhaust#Transform [2.025,0,0,0,0,-2.41398766E-07,2.02499986,0,0,-1.35000014,-1.60932544E-07,0,-1.24223263E-07,-0.152789488,-0.1370287,1]
emitter /ShipBaseRig/Thruster/EngineExhaust/ThrustMain#ParticleSystem [-2.41398823E-07,2.413988E-07,-2.025,0,0.8707501,1.23741E-14,-1.0380149E-07,0,0,-1.35000014,-1.60932544E-07,0,-1.24223263E-07,-0.152789488,-0.1370287,1]
renderer /ShipBaseRig/Thruster/EngineExhaust/ThrustMain#ParticleSystemRenderer [-2.41398823E-07,2.413988E-07,-2.025,0,0.8707501,1.23741E-14,-1.0380149E-07,0,0,-1.35000014,-1.60932544E-07,0,-1.24223263E-07,-0.152789488,-0.1370287,1]
transform /ShipBaseRig/Thruster/EngineExhaust/ThrustMain#Transform [-2.41398823E-07,2.413988E-07,-2.025,0,0.8707501,1.23741E-14,-1.0380149E-07,0,0,-1.35000014,-1.60932544E-07,0,-1.24223263E-07,-0.152789488,-0.1370287,1]
emitter /ShipBaseRig/Thruster/EngineExhaust/ThrustMain (1)#ParticleSystem [-2.41398823E-07,2.413988E-07,-2.025,0,0.8707501,1.23741E-14,-1.0380149E-07,0,0,-1.35000014,-1.60932544E-07,0,-1.24223263E-07,-0.152789488,-0.1370287,1]
renderer /ShipBaseRig/Thruster/EngineExhaust/ThrustMain (1)#ParticleSystemRenderer [-2.41398823E-07,2.413988E-07,-2.025,0,0.8707501,1.23741E-14,-1.0380149E-07,0,0,-1.35000014,-1.60932544E-07,0,-1.24223263E-07,-0.152789488,-0.1370287,1]
transform /ShipBaseRig/Thruster/EngineExhaust/ThrustMain (1)#Transform [-2.41398823E-07,2.413988E-07,-2.025,0,0.8707501,1.23741E-14,-1.0380149E-07,0,0,-1.35000014,-1.60932544E-07,0,-1.24223263E-07,-0.152789488,-0.1370287,1]
emitter /ShipBaseRig/Thruster/EngineExhaust/ThrustSmall#ParticleSystem [-1.35183342E-07,1.35183328E-07,-1.13400006,0,1.70100021,2.417266E-14,-2.02774984E-07,0,0,-1.35000014,-1.60932544E-07,0,-1.24223263E-07,-0.152789488,-0.1370287,1]
renderer /ShipBaseRig/Thruster/EngineExhaust/ThrustSmall#ParticleSystemRenderer [-1.35183342E-07,1.35183328E-07,-1.13400006,0,1.70100021,2.417266E-14,-2.02774984E-07,0,0,-1.35000014,-1.60932544E-07,0,-1.24223263E-07,-0.152789488,-0.1370287,1]
transform /ShipBaseRig/Thruster/EngineExhaust/ThrustSmall#Transform [-1.35183342E-07,1.35183328E-07,-1.13400006,0,1.70100021,2.417266E-14,-2.02774984E-07,0,0,-1.35000014,-1.60932544E-07,0,-1.24223263E-07,-0.152789488,-0.1370287,1]
emitter /ShipBaseRig/Thruster/EngineExhaust/ThrustSmall (1)#ParticleSystem [-1.35183342E-07,1.35183328E-07,-1.13400006,0,1.70100021,2.417266E-14,-2.02774984E-07,0,0,-1.35000014,-1.60932544E-07,0,-1.24223263E-07,-0.152789488,-0.1370287,1]
renderer /ShipBaseRig/Thruster/EngineExhaust/ThrustSmall (1)#ParticleSystemRenderer [-1.35183342E-07,1.35183328E-07,-1.13400006,0,1.70100021,2.417266E-14,-2.02774984E-07,0,0,-1.35000014,-1.60932544E-07,0,-1.24223263E-07,-0.152789488,-0.1370287,1]
transform /ShipBaseRig/Thruster/EngineExhaust/ThrustSmall (1)#Transform [-1.35183342E-07,1.35183328E-07,-1.13400006,0,1.70100021,2.417266E-14,-2.02774984E-07,0,0,-1.35000014,-1.60932544E-07,0,-1.24223263E-07,-0.152789488,-0.1370287,1]
light /ShipBaseRig/Thruster/EngineExhaust/ThrustLight#Light [0.2737624,0.8813006,1.05059215E-07,0,1.98292649,-0.273762584,-2.74033823E-07,0,0,2.682209E-07,-1.35,0,-1.24223263E-07,-0.152789488,-0.1370287,1]
transform /ShipBaseRig/Thruster/EngineExhaust/ThrustLight#Transform [0.2737624,0.8813006,1.05059215E-07,0,1.98292649,-0.273762584,-2.74033823E-07,0,0,2.682209E-07,-1.35,0,-1.24223263E-07,-0.152789488,-0.1370287,1]
transform /ShipBaseRig/Thruster/Reactor#Transform [2.025,0,0,0,0,-2.41398766E-07,2.02499986,0,0,-1.35000014,-1.60932544E-07,0,0,-8.046509E-09,0.06749902,1]
emitter /ShipBaseRig/Thruster/Reactor/ReactorGlow#ParticleSystem [-2.41398823E-07,2.413988E-07,-2.025,0,2.02500033,2.87769754E-14,-2.413988E-07,0,0,-1.35000014,-1.60932544E-07,0,0,-8.046509E-09,0.06749902,1]
renderer /ShipBaseRig/Thruster/Reactor/ReactorGlow#ParticleSystemRenderer [-2.41398823E-07,2.413988E-07,-2.025,0,2.02500033,2.87769754E-14,-2.413988E-07,0,0,-1.35000014,-1.60932544E-07,0,0,-8.046509E-09,0.06749902,1]
transform /ShipBaseRig/Thruster/Reactor/ReactorGlow#Transform [-2.41398823E-07,2.413988E-07,-2.025,0,2.02500033,2.87769754E-14,-2.413988E-07,0,0,-1.35000014,-1.60932544E-07,0,0,-8.046509E-09,0.06749902,1]
audio /ShipBaseRig/Thruster/ThrustAudio#AudioSource [2.025,0,0,0,0,-2.41398766E-07,2.02499986,0,0,-1.35000014,-1.60932544E-07,0,0,0,0,1]
transform /ShipBaseRig/Thruster/ThrustAudio#Transform [2.025,0,0,0,0,-2.41398766E-07,2.02499986,0,0,-1.35000014,-1.60932544E-07,0,0,0,0,1]
audio /ShipBaseRig/Thruster/StrafeAudio#AudioSource [2.025,0,0,0,0,-2.41398766E-07,2.02499986,0,0,-1.35000014,-1.60932544E-07,0,0,0,0,1]
transform /ShipBaseRig/Thruster/StrafeAudio#Transform [2.025,0,0,0,0,-2.41398766E-07,2.02499986,0,0,-1.35000014,-1.60932544E-07,0,0,0,0,1]
emitter /ShipBaseRig/SmokeTrail#ParticleSystem [1.35,0,0,0,0,-1.35000026,-3.21865116E-07,0,0,3.21865116E-07,-1.35000026,0,0.6075,-0.122849956,-0.418500036,1]
renderer /ShipBaseRig/SmokeTrail#ParticleSystemRenderer [1.35,0,0,0,0,-1.35000026,-3.21865116E-07,0,0,3.21865116E-07,-1.35000026,0,0.6075,-0.122849956,-0.418500036,1]
transform /ShipBaseRig/SmokeTrail#Transform [1.35,0,0,0,0,-1.35000026,-3.21865116E-07,0,0,3.21865116E-07,-1.35000026,0,0.6075,-0.122849956,-0.418500036,1]
transform /ShipBaseRig/Hull#Transform [1.35,0,0,0,0,-1.60932544E-07,1.35000014,0,0,-1.35000014,-1.60932544E-07,0,0,0,0,1]
transform /ShipBaseRig/Hull/Vanguard#Transform [-0.450000018,4.68972327E-15,-3.93402537E-08,0,3.934025E-08,5.36441824E-08,-0.450000048,0,0,-0.450000048,-5.36441824E-08,0,-1.07288365E-07,2.6822093E-08,3.19744244E-15,1]
transform /ShipBaseRig/Hull/Vanguard/Authored mesh#Transform [-1.34982455,1.40673428E-14,-1.18005431E-07,0,-1.40673428E-14,1.34982491,3.21823279E-07,0,1.18005431E-07,3.21823279E-07,-1.34982491,0,-1.61007691E-07,-0.12985073,0.000859578955,1]
renderer /ShipBaseRig/Hull/Vanguard/Authored mesh/MVP Canopy#MeshRenderer [-134.982468,1.40673421E-12,-1.18005428E-05,0,-1.18005419E-05,-4.827349E-05,134.982483,0,-2.813468E-12,134.982483,4.827349E-05,0,-1.61007691E-07,-0.12985073,0.000859578955,1]
transform /ShipBaseRig/Hull/Vanguard/Authored mesh/MVP Canopy#Transform [-134.982468,1.40673421E-12,-1.18005428E-05,0,-1.18005419E-05,-4.827349E-05,134.982483,0,-2.813468E-12,134.982483,4.827349E-05,0,-1.61007691E-07,-0.12985073,0.000859578955,1]
renderer /ShipBaseRig/Hull/Vanguard/Authored mesh/MVP Power Nacelle Core#MeshRenderer [-134.982468,1.40673421E-12,-1.18005428E-05,0,-1.18005419E-05,-4.827349E-05,134.982483,0,-2.813468E-12,134.982483,4.827349E-05,0,-1.61007691E-07,-0.12985073,0.000859578955,1]
transform /ShipBaseRig/Hull/Vanguard/Authored mesh/MVP Power Nacelle Core#Transform [-134.982468,1.40673421E-12,-1.18005428E-05,0,-1.18005419E-05,-4.827349E-05,134.982483,0,-2.813468E-12,134.982483,4.827349E-05,0,-1.61007691E-07,-0.12985073,0.000859578955,1]
renderer /ShipBaseRig/Hull/Vanguard/Authored mesh/Vanguard structural ink#MeshRenderer [-134.982468,1.40673421E-12,-1.18005428E-05,0,-1.18005419E-05,-4.827349E-05,134.982483,0,-2.813468E-12,134.982483,4.827349E-05,0,-1.61007691E-07,-0.12985073,0.000859578955,1]
transform /ShipBaseRig/Hull/Vanguard/Authored mesh/Vanguard structural ink#Transform [-134.982468,1.40673421E-12,-1.18005428E-05,0,-1.18005419E-05,-4.827349E-05,134.982483,0,-2.813468E-12,134.982483,4.827349E-05,0,-1.61007691E-07,-0.12985073,0.000859578955,1]
renderer /ShipBaseRig/Hull/Vanguard/Authored mesh/Vanguard painted hull#MeshRenderer [-1.34982455,1.40673428E-14,-1.18005431E-07,0,-1.40673428E-14,1.34982491,3.21823279E-07,0,1.18005431E-07,3.21823279E-07,-1.34982491,0,-1.61007691E-07,-0.12985073,0.000859578955,1]
transform /ShipBaseRig/Hull/Vanguard/Authored mesh/Vanguard painted hull#Transform [-1.34982455,1.40673428E-14,-1.18005431E-07,0,-1.40673428E-14,1.34982491,3.21823279E-07,0,1.18005431E-07,3.21823279E-07,-1.34982491,0,-1.61007691E-07,-0.12985073,0.000859578955,1]
renderer /ShipBaseRig/Hull/Vanguard/Authored mesh/Vanguard contour#MeshRenderer [-1.34982455,1.40673428E-14,-1.18005431E-07,0,-1.40673428E-14,1.34982491,3.21823279E-07,0,1.18005431E-07,3.21823279E-07,-1.34982491,0,-1.61007691E-07,-0.12985073,0.000859578955,1]
transform /ShipBaseRig/Hull/Vanguard/Authored mesh/Vanguard contour#Transform [-1.34982455,1.40673428E-14,-1.18005431E-07,0,-1.40673428E-14,1.34982491,3.21823279E-07,0,1.18005431E-07,3.21823279E-07,-1.34982491,0,-1.61007691E-07,-0.12985073,0.000859578955,1]
renderer /ShipBaseRig/MinimapMarker#MeshRenderer [2.7,0,0,0,0,-3.218651E-07,2.70000029,0,0,-2.70000029,-3.218651E-07,0,0,0,0,1]
transform /ShipBaseRig/MinimapMarker#Transform [2.7,0,0,0,0,-3.218651E-07,2.70000029,0,0,-2.70000029,-3.218651E-07,0,0,0,0,1]
canvas /ShipBaseRig/Shield#Canvas [1.35,0,0,0,0,-1.35000026,-3.21865116E-07,0,0,3.21865116E-07,-1.35000026,0,0,0,0,1]
transform /ShipBaseRig/Shield#RectTransform [1.35,0,0,0,0,-1.35000026,-3.21865116E-07,0,0,3.21865116E-07,-1.35000026,0,0,0,0,1]
transform /ShipBaseRig/Shield/ShieldBar#RectTransform [1.35,0,0,0,0,4.82797759E-07,-1.3500005,0,0,1.3500005,4.82797759E-07,0,0,1.60932565E-08,-0.06750002,1]
transform /ShipBaseRig/Shield/ShieldBar/Fill#RectTransform [1.35,0,0,0,0,4.82797759E-07,-1.3500005,0,0,1.3500005,4.82797759E-07,0,0,1.60932565E-08,-0.06750002,1]
transform /ShipBaseRig/Shield/ShieldBar/Value#RectTransform [0.0135,0,0,0,0,4.827977E-09,-0.0135000041,0,0,0.0135000041,4.827977E-09,0,2.2275,1.60932565E-08,-0.06750002,1]
transform /ShipBaseRig/Shield/HealthBar#RectTransform [1.35,0,0,0,0,4.82797759E-07,-1.3500005,0,0,1.3500005,4.82797759E-07,0,0,1.60932565E-08,-0.06750002,1]
transform /ShipBaseRig/Shield/HealthBar/Fill#RectTransform [1.35,0,0,0,0,4.82797759E-07,-1.3500005,0,0,1.3500005,4.82797759E-07,0,0,1.60932565E-08,-0.06750002,1]
transform /ShipBaseRig/Shield/HealthBar/Value#RectTransform [0.0135,0,0,0,0,4.827977E-09,-0.0135000041,0,0,0.0135000041,4.827977E-09,0,2.2275,1.60932565E-08,-0.06750002,1]
canvas /ShipBaseRig/UILockOnIndicator#Canvas [0.4582052,-5.4622312E-08,0.4582052,0,-0.458205163,-5.46223156E-08,0.458205253,0,0,-0.648000062,-7.724762E-08,0,0,0,0,1]
transform /ShipBaseRig/UILockOnIndicator#RectTransform [0.4582052,-5.4622312E-08,0.4582052,0,-0.458205163,-5.46223156E-08,0.458205253,0,0,-0.648000062,-7.724762E-08,0,0,0,0,1]
hardpoint[0] /Hardpoints/Primary#Transform [1.35,0,0,0,0,-1.60932544E-07,1.35000014,0,0,-1.35000014,-1.60932544E-07,0,0.54,-9.655953E-08,0.8100001,1]
hardpoint[1] /Hardpoints/Secondary#Transform [1.35,0,0,0,0,-1.60932544E-07,1.35000014,0,0,-1.35000014,-1.60932544E-07,0,-0.54,-9.655953E-08,0.8100001,1]
