transform /#Transform [1.2,0,0,0,0,-1.43051153E-07,1.20000017,0,0,-1.20000017,-1.43051153E-07,0,0,0,0,1]
collider /Mesh#MeshCollider [1.2,0,0,0,0,-1.43051153E-07,1.20000017,0,0,-1.20000017,-1.43051153E-07,0,0,0,0,1]
transform /Mesh#Transform [1.2,0,0,0,0,-1.43051153E-07,1.20000017,0,0,-1.20000017,-1.43051153E-07,0,0,0,0,1]
transform /Hardpoints#Transform [1.2,0,0,0,0,-1.43051153E-07,1.20000017,0,0,-1.20000017,-1.43051153E-07,0,0,0,0,1]
transform /Hardpoints/Primary#Transform [1.2,0,0,0,0,-1.43051153E-07,1.20000017,0,0,-1.20000017,-1.43051153E-07,0,0.480000019,-8.583069E-08,0.720000148,1]
transform /Hardpoints/Secondary#Transform [1.2,0,0,0,0,-1.43051153E-07,1.20000017,0,0,-1.20000017,-1.43051153E-07,0,-0.480000019,-8.583069E-08,0.720000148,1]
collider /ShipBody#SphereCollider [1.2,0,0,0,0,-1.43051153E-07,1.20000017,0,0,-1.20000017,-1.43051153E-07,0,0,0,0,1]
transform /ShipBody#Transform [1.2,0,0,0,0,-1.43051153E-07,1.20000017,0,0,-1.20000017,-1.43051153E-07,0,0,0,0,1]
audio /ShipBaseRig#AudioSource [1.2,0,0,0,0,-1.43051153E-07,1.20000017,0,0,-1.20000017,-1.43051153E-07,0,0,0,0,1]
transform /ShipBaseRig#Transform [1.2,0,0,0,0,-1.43051153E-07,1.20000017,0,0,-1.20000017,-1.43051153E-07,0,0,0,0,1]
transform /ShipBaseRig/Thruster#Transform [1.80000007,0,0,0,0,-2.145767E-07,1.8,0,0,-1.20000017,-1.43051153E-07,0,0,0,0,1]
transform /ShipBaseRig/Thruster/EngineExhaust#Transform [1.80000007,0,0,0,0,-2.145767E-07,1.8,0,0,-1.20000017,-1.43051153E-07,0,0,0.0493366979,-1.20000064,1]
emitter /ShipBaseRig/Thruster/EngineExhaust/ThrustMain#ParticleSystem [-2.78949727E-07,2.78949727E-07,-2.34000015,0,0.774000168,1.09992005E-14,-9.226799E-08,0,0,-1.20000017,-1.43051153E-07,0,0,0.0493366979,-1.20000064,1]
renderer /ShipBaseRig/Thruster/EngineExhaust/ThrustMain#ParticleSystemRenderer [-2.78949727E-07,2.78949727E-07,-2.34000015,0,0.774000168,1.09992005E-14,-9.226799E-08,0,0,-1.20000017,-1.43051153E-07,0,0,0.0493366979,-1.20000064,1]
transform /ShipBaseRig/Thruster/EngineExhaust/ThrustMain#Transform [-2.78949727E-07,2.78949727E-07,-2.34000015,0,0.774000168,1.09992005E-14,-9.226799E-08,0,0,-1.20000017,-1.43051153E-07,0,0,0.0493366979,-1.20000064,1]
emitter /ShipBaseRig/Thruster/EngineExhaust/ThrustMain (1)#ParticleSystem [-2.78949727E-07,2.78949727E-07,-2.34000015,0,0.774000168,1.09992005E-14,-9.226799E-08,0,0,-1.20000017,-1.43051153E-07,0,0,0.0493366979,-1.20000064,1]
renderer /ShipBaseRig/Thruster/EngineExhaust/ThrustMain (1)#ParticleSystemRenderer [-2.78949727E-07,2.78949727E-07,-2.34000015,0,0.774000168,1.09992005E-14,-9.226799E-08,0,0,-1.20000017,-1.43051153E-07,0,0,0.0493366979,-1.20000064,1]
transform /ShipBaseRig/Thruster/EngineExhaust/ThrustMain (1)#Transform [-2.78949727E-07,2.78949727E-07,-2.34000015,0,0.774000168,1.09992005E-14,-9.226799E-08,0,0,-1.20000017,-1.43051153E-07,0,0,0.0493366979,-1.20000064,1]
emitter /ShipBaseRig/Thruster/EngineExhaust/ThrustSmall#ParticleSystem [-1.2016298E-07,1.20162966E-07,-1.00800014,0,1.5120002,2.14868084E-14,-1.80244442E-07,0,0,-1.20000017,-1.43051153E-07,0,0,0.0493366979,-1.20000064,1]
renderer /ShipBaseRig/Thruster/EngineExhaust/ThrustSmall#ParticleSystemRenderer [-1.2016298E-07,1.20162966E-07,-1.00800014,0,1.5120002,2.14868084E-14,-1.80244442E-07,0,0,-1.20000017,-1.43051153E-07,0,0,0.0493366979,-1.20000064,1]
transform /ShipBaseRig/Thruster/EngineExhaust/ThrustSmall#Transform [-1.2016298E-07,1.20162966E-07,-1.00800014,0,1.5120002,2.14868084E-14,-1.80244442E-07,0,0,-1.20000017,-1.43051153E-07,0,0,0.0493366979,-1.20000064,1]
emitter /ShipBaseRig/Thruster/EngineExhaust/ThrustSmall (1)#ParticleSystem [-1.2016298E-07,1.20162966E-07,-1.00800014,0,1.5120002,2.14868084E-14,-1.80244442E-07,0,0,-1.20000017,-1.43051153E-07,0,0,0.0493366979,-1.20000064,1]
renderer /ShipBaseRig/Thruster/EngineExhaust/ThrustSmall (1)#ParticleSystemRenderer [-1.2016298E-07,1.20162966E-07,-1.00800014,0,1.5120002,2.14868084E-14,-1.80244442E-07,0,0,-1.20000017,-1.43051153E-07,0,0,0.0493366979,-1.20000064,1]
transform /ShipBaseRig/Thruster/EngineExhaust/ThrustSmall (1)#Transform [-1.2016298E-07,1.20162966E-07,-1.00800014,0,1.5120002,2.14868084E-14,-1.80244442E-07,0,0,-1.20000017,-1.43051153E-07,0,0,0.0493366979,-1.20000064,1]
light /ShipBaseRig/Thruster/EngineExhaust/ThrustLight#Light [0.243344352,0.783378363,9.338597E-08,0,1.76260138,-0.243344516,-2.43585646E-07,0,0,2.38418579E-07,-1.2,0,0,0.0493366979,-1.20000064,1]
transform /ShipBaseRig/Thruster/EngineExhaust/ThrustLight#Transform [0.243344352,0.783378363,9.338597E-08,0,1.76260138,-0.243344516,-2.43585646E-07,0,0,2.38418579E-07,-1.2,0,0,0.0493366979,-1.20000064,1]
transform /ShipBaseRig/Thruster/Reactor#Transform [1.80000007,0,0,0,0,-2.145767E-07,1.8,0,0,-1.20000017,-1.43051153E-07,0,0,-3.71933027E-08,0.312000066,1]
emitter /ShipBaseRig/Thruster/Reactor/ReactorGlow#ParticleSystem [-2.1457673E-07,2.14576716E-07,-1.80000007,0,1.80000031,2.55795361E-14,-2.14576716E-07,0,0,-1.20000017,-1.43051153E-07,0,0,-3.71933027E-08,0.312000066,1]
renderer /ShipBaseRig/Thruster/Reactor/ReactorGlow#ParticleSystemRenderer [-2.1457673E-07,2.14576716E-07,-1.80000007,0,1.80000031,2.55795361E-14,-2.14576716E-07,0,0,-1.20000017,-1.43051153E-07,0,0,-3.71933027E-08,0.312000066,1]
transform /ShipBaseRig/Thruster/Reactor/ReactorGlow#Transform [-2.1457673E-07,2.14576716E-07,-1.80000007,0,1.80000031,2.55795361E-14,-2.14576716E-07,0,0,-1.20000017,-1.43051153E-07,0,0,-3.71933027E-08,0.312000066,1]
audio /ShipBaseRig/Thruster/ThrustAudio#AudioSource [1.80000007,0,0,0,0,-2.145767E-07,1.8,0,0,-1.20000017,-1.43051153E-07,0,0,0,0,1]
transform /ShipBaseRig/Thruster/ThrustAudio#Transform [1.80000007,0,0,0,0,-2.145767E-07,1.8,0,0,-1.20000017,-1.43051153E-07,0,0,0,0,1]
audio /ShipBaseRig/Thruster/StrafeAudio#AudioSource [1.80000007,0,0,0,0,-2.145767E-07,1.8,0,0,-1.20000017,-1.43051153E-07,0,0,0,0,1]
transform /ShipBaseRig/Thruster/StrafeAudio#Transform [1.80000007,0,0,0,0,-2.145767E-07,1.8,0,0,-1.20000017,-1.43051153E-07,0,0,0,0,1]
emitter /ShipBaseRig/SmokeTrail#ParticleSystem [1.2,0,0,0,0,-1.20000029,-2.86102335E-07,0,0,2.86102335E-07,-1.20000029,0,0.54,-0.109199971,-0.372000068,1]
renderer /ShipBaseRig/SmokeTrail#ParticleSystemRenderer [1.2,0,0,0,0,-1.20000029,-2.86102335E-07,0,0,2.86102335E-07,-1.20000029,0,0.54,-0.109199971,-0.372000068,1]
transform /ShipBaseRig/SmokeTrail#Transform [1.2,0,0,0,0,-1.20000029,-2.86102335E-07,0,0,2.86102335E-07,-1.20000029,0,0.54,-0.109199971,-0.372000068,1]
transform /ShipBaseRig/Hull#Transform [1.2,0,0,0,0,-1.43051153E-07,1.20000017,0,0,-1.20000017,-1.43051153E-07,0,0,0,0,1]
transform /ShipBaseRig/Hull/Crimson#Transform [-1.2021836,0,0,0,0,1.2021836,1.42108547E-14,0,0,2.86622878E-07,-1.2021836,0,0,-0.0597628728,-0.0251391251,1]
renderer /ShipBaseRig/Hull/Crimson/Hull#MeshRenderer [-1.2021836,0,0,0,0,-4.29934346E-07,1.20218372,0,0,1.20218372,1.43311453E-07,0,0,-0.0597628728,-0.0251391251,1]
transform /ShipBaseRig/Hull/Crimson/Hull#Transform [-1.2021836,0,0,0,0,-4.29934346E-07,1.20218372,0,0,1.20218372,1.43311453E-07,0,0,-0.0597628728,-0.0251391251,1]
renderer /ShipBaseRig/MinimapMarker#MeshRenderer [2.4,0,0,0,0,-2.861023E-07,2.40000033,0,0,-2.40000033,-2.861023E-07,0,0,0,0,1]
transform /ShipBaseRig/MinimapMarker#Transform [2.4,0,0,0,0,-2.861023E-07,2.40000033,0,0,-2.40000033,-2.861023E-07,0,0,0,0,1]
canvas /ShipBaseRig/Shield#Canvas [1.2,0,0,0,0,-1.20000029,-2.86102335E-07,0,0,2.86102335E-07,-1.20000029,0,0,0,0,1]
transform /ShipBaseRig/Shield#RectTransform [1.2,0,0,0,0,-1.20000029,-2.86102335E-07,0,0,2.86102335E-07,-1.20000029,0,0,0,0,1]
transform /ShipBaseRig/Shield/ShieldBar#RectTransform [1.2,0,0,0,0,4.29153545E-07,-1.20000041,0,0,1.20000041,4.29153545E-07,0,0,1.43051171E-08,-0.0600000173,1]
transform /ShipBaseRig/Shield/ShieldBar/Fill#RectTransform [1.2,0,0,0,0,4.29153545E-07,-1.20000041,0,0,1.20000041,4.29153545E-07,0,0,1.43051171E-08,-0.0600000173,1]
transform /ShipBaseRig/Shield/ShieldBar/Value#RectTransform [0.012,0,0,0,0,4.29153557E-09,-0.0120000038,0,0,0.0120000038,4.29153557E-09,0,1.98,1.43051171E-08,-0.0600000173,1]
transform /ShipBaseRig/Shield/HealthBar#RectTransform [1.2,0,0,0,0,4.29153545E-07,-1.20000041,0,0,1.20000041,4.29153545E-07,0,0,1.43051171E-08,-0.0600000173,1]
transform /ShipBaseRig/Shield/HealthBar/Fill#RectTransform [1.2,0,0,0,0,4.29153545E-07,-1.20000041,0,0,1.20000041,4.29153545E-07,0,0,1.43051171E-08,-0.0600000173,1]
transform /ShipBaseRig/Shield/HealthBar/Value#RectTransform [0.012,0,0,0,0,4.29153557E-09,-0.0120000038,0,0,0.0120000038,4.29153557E-09,0,1.98,1.43051171E-08,-0.0600000173,1]
canvas /ShipBaseRig/UILockOnIndicator#Canvas [0.407293528,-4.855317E-08,0.407293528,0,-0.4072935,-4.85531721E-08,0.407293558,0,0,-0.5760001,-6.86645549E-08,0,0,0,0,1]
transform /ShipBaseRig/UILockOnIndicator#RectTransform [0.407293528,-4.855317E-08,0.407293528,0,-0.4072935,-4.85531721E-08,0.407293558,0,0,-0.5760001,-6.86645549E-08,0,0,0,0,1]
hardpoint[0] /Hardpoints/Primary#Transform [1.2,0,0,0,0,-1.43051153E-07,1.20000017,0,0,-1.20000017,-1.43051153E-07,0,0.480000019,-8.583069E-08,0.720000148,1]
hardpoint[1] /Hardpoints/Secondary#Transform [1.2,0,0,0,0,-1.43051153E-07,1.20000017,0,0,-1.20000017,-1.43051153E-07,0,-0.480000019,-8.583069E-08,0.720000148,1]
